0.78
3.20
-0.71
-0.93
-0.69
-0.17
-0.20
-0.44
3.20
-0.64
-0.07
-0.66
-0.07
-0.20
-0.64
3.20
-0.66
0.15
3.20
-0.73
-0.56
-0.61
-0.42
3.20
-0.78
2.37
3.20
-0.64
1.39
3.20
-0.73
-0.42
-0.66
-0.15
0.76
-0.73
2.88
3.20
-0.76
-0.37
-0.64
-0.29
-0.61
-0.34
3.20
-0.81
-0.17
-0.61
-0.64
-0.66
-0.20
3.20
-0.69
1.64
3.20
-0.78
0.56
3.20
-0.71
-0.56
-0.61
-0.27
3.20
-0.81
2.64
3.20
-0.69
0.81
3.20
-0.76
-0.42
-0.61
-0.07
-0.29
-0.49
3.20
-0.73
-0.83
-0.66
-0.25
-0.25
-0.59
3.20
-0.69
0.17
3.20
-0.66
-0.71
-0.61
-0.37
3.20
-0.73
2.78
3.20
-0.73
1.20
3.20
-0.69
-0.49
-0.64
0.05
3.20
-0.56
0.27
3.20
1.32
-0.71
3.20
3.20
-0.76
-0.42
-0.61
-0.47
-0.54
-0.27
3.20
-0.71
-0.00
-0.64
-0.51
-0.49
-0.27
3.20
-0.73
1.66
3.20
-0.71
0.66
3.20
-0.73
-0.51
-0.56
-0.07
3.20
-0.83
2.96
3.20
-0.71
1.17
3.20
-0.71
-0.71
-0.59
-0.15
-0.34
-0.49
3.20
-0.76
-0.88
-0.66
-0.07
-0.15
-0.47
3.20
-0.71
0.10
3.20
-0.59
-0.56
-0.61
-0.32
3.20
-0.71
2.76
3.20
-0.78
1.10
3.20
-0.73
-0.56
-0.64
-0.12
3.20
-0.78
2.96
3.20
-0.76
0.17
3.20
-0.73
-0.37
-0.76
-0.15
-0.15
-0.37
3.20
-0.66
-0.29
-0.69
-0.12
-0.22
-0.59
3.20
-0.71
0.02
3.20
-0.66
-0.61
-0.56
1.29
3.20
-0.37
-0.32
3.20
-0.83
1.34
3.20
-0.76
-0.10
-0.69
-0.22
2.39
-0.71
2.78
3.20
-0.71
-0.05
-0.61
-0.12
-0.56
-0.37
3.20
-0.76
-0.47
-0.66
-0.47
-0.66
-0.39
3.20
-0.81
0.51
3.20
-0.78
0.07
3.20
-0.66
-0.81
-0.66
-0.32
3.20
-0.71
2.42
3.20
-0.81
1.64
3.20
-0.73
-0.61
-0.56
0.44
3.20
-0.61
-0.29
3.20
-0.73
-0.12
-0.69
-0.10
-0.54
-0.27
3.20
-0.71
-0.44
-0.69
-0.37
-0.56
-0.25
3.20
-0.76
0.83
3.20
-0.78
-0.10
-0.66
-0.03
-0.32
-0.47
3.20
-0.76
0.93
3.20
-0.73
-0.39
-0.64
-0.39
3.20
-0.69
2.93
3.20
-0.73
0.63
3.20
-0.66
-0.51
-0.71
0.07
3.20
-0.59
-0.07
3.20
-0.73
-0.49
-0.69
-0.25
-0.54
-0.32
3.20
-0.73
0.73
3.20
-0.73
0.02
3.20
-0.71
-0.39
-0.69
-0.07
3.20
-0.71
2.59
3.20
-0.76
1.17
3.20
-0.71
-0.51
-0.64
-0.27
3.20
-0.71
3.20
3.20
-0.71
0.46
3.20
-0.73
-0.95
-0.64
-0.03
0.10
-0.86
3.20
3.20
-0.73
-0.27
-0.64
-0.34
-0.64
0.10
3.20
-0.27
-0.42
3.20
-0.81
-0.03