-0.12
-0.12
-0.42
3.20
-0.66
-0.15
-0.64
-0.12
-0.25
-0.49
3.20
-0.73
0.81
3.20
-0.66
-0.20
-0.59
-0.22
0.02
-0.78
2.71
3.20
-0.76
0.22
3.20
-0.69
0.22
3.20
-0.66
0.02
3.20
-0.71
0.05
3.20
-0.59
-0.20
-0.76
-0.42
3.20
-0.61
-0.03
-0.59
-0.05
-0.20
-0.34
3.20
-0.78
0.66
3.20
-0.71
-0.20
-0.59
-0.07
0.68
-0.78
2.25
3.20
-0.73
0.07
3.20
-0.73
0.02
3.20
-0.69
-0.05
-0.54
-0.20
3.20
-0.78
1.76
3.20
-0.73
-0.51
-0.66
-0.03
-0.56
-0.10
3.20
-0.69
0.61
3.20
-0.76
0.49
3.20
-0.66
-0.12
-0.54
-0.25
3.20
-0.78
1.71
3.20
-0.69
-0.25
-0.66
-0.03
-0.54
-0.54
3.20
-0.81
1.54
3.20
-0.69
0.71
3.20
-0.69
-0.07
-0.71
-0.25
-0.12
-0.56
3.20
-0.71
-0.00
-0.66
-0.07
0.37
-0.69
3.20
3.20
-0.73
1.68
3.20
-0.71
-0.44
-0.69
-0.00
-0.56
-0.39
3.20
-0.66
0.34
3.20
-0.76
0.41
3.20
-0.66
-0.07
-0.59
-0.17
2.93
-0.73
1.76
3.20
-0.81
-0.03
-0.66
-0.05
-0.56
-0.34
3.20
-0.76
1.27
3.20
-0.76
0.37
3.20
-0.66
-0.29
-0.59
0.02
3.20
-0.56
-0.15
3.20
-0.78
0.68
3.20
-0.71
0.54
3.20
-0.71
-0.00
-0.59
-0.15
0.51
-0.69
2.56
3.20
-0.88
0.17
3.20
-0.76
0.19
3.20
-0.64
0.10
3.20
-0.66
0.02
3.20
-0.61
-0.25
-0.10
-0.51
3.20
-0.71
-0.10
-0.64
-0.12
-0.25
-0.51
3.20
-0.71
0.73
3.20
-0.73
-0.22
-0.64
-0.12
0.15
-0.76
2.00
3.20
-1.20
0.54
3.20
-0.69
0.66
3.20
-0.69
-0.20
-0.59
-0.07
0.46
-0.71
2.69
3.20
-0.83
-0.12
-0.64
-0.17
-0.59
-0.34
3.20
-0.69
1.73
3.20
-0.71
0.07
3.20
-0.69
-0.20
-0.64
-0.25
-0.05
-0.44
3.20
-0.78
0.34
3.20
-0.69
-0.07
-0.56
-0.15
3.20
-0.71
1.86
3.20
-0.76
-0.32
-0.61
-0.07
-0.51
-0.39
3.20
-0.78
1.32
3.20
-0.64
0.24
3.20
-0.73
-0.07
-0.56
-0.03
-0.15
-0.51
3.20
-0.71
0.15
3.20
-0.71
-0.03
-0.54
-0.20
3.20
-0.76
1.90
3.20
-0.76
-0.29
-0.71
-0.12
-0.59
-0.49
3.20
-0.86
1.07
3.20
-0.69
0.61
3.20
-0.71
-0.12
-0.64
-0.03
-0.37
-0.51
3.20
-0.64
-0.05
-0.64
-0.07
-0.32
-0.59
3.20
-0.81
0.81
3.20
-0.76
-0.20
-0.56
-0.32
-0.10
-0.47
3.20
-0.73
0.07
3.20
-0.66
-0.00
-0.59
-0.17
3.20
-0.78
1.44
3.20
-0.76
-0.34
-0.66
-0.17
-0.54
-0.07
3.20
-0.76
1.15
3.20
-0.71
0.49
3.20
-0.73
-0.12
-0.66
-0.10
-0.03
-0.66
3.20
-0.78
-0.05
-0.61
-0.10
-0.34
-0.47
3.20
-0.81
0.66
3.20
-0.64
-0.25
-0.66
-0.00
-0.32
-0.51
3.20
-0.66
-0.03
-0.66
-0.15
-0.29
-0.47
3.20
-0.69
0.63
3.20
-0.69
-0.00
-0.61
-0.10
-0.07
-0.29
3.20
-0.73
0.07
3.20
-0.73
-0.07
-0.59
-0.25
3.20
-0.71
1.98
3.20
-0.76
-0.49
-0.61
-0.07
-0.54
-0.34
3.20
-0.76
1.24
3.20
-0.69
0.56
3.20
-0.69
-0.07
-0.66
-0.25
-0.12
-0.51
3.20
-0.71
-0.00
-0.59
-0.17
-0.34
-0.44
3.20
-0.73
-0.03
-0.71
-0.22
-0.49
-0.71
3.20
-0.69
0.07
3.20
-0.71
0.24
3.20
-0.73
-0.03
-0.64
-0.15
3.20
-0.76
2.25
3.20
-0.71
-0.27
-0.56
-0.05
-0.54
-0.22
3.20
-0.73
1.34
3.20
-0.81
0.34
3.20
-0.73
0.02
3.20
-0.61
-0.15
-0.56
-0.10
3.20
-0.66
1.07
3.20
-0.81
0.37
3.20
-0.71
-0.22
-0.59
-0.20
-0.17
-0.47
3.20
-0.69
0.02
3.20
-0.69
-0.07
-0.56
-0.29
3.20
-0.66
1.83
3.20
-0.78
-0.37
-0.61
-0.17
-0.54
-0.17
3.20
-0.78
1.17
3.20
-0.71
0.51
3.20
-0.73
0.02
3.20
-0.59
-0.12
-0.59
-0.71
3.20
-0.69
0.90
3.20
-0.69
0.61
3.20
-0.73
-0.15
-0.51
-0.12
-0.03
-0.61
3.20
-0.66
-0.00
-0.69
-0.15
-0.27
-0.20
3.20
-0.69
0.46
3.20
-0.66
-0.12
-0.61
-0.27
-0.15
-0.44
3.20
-0.73
0.22
3.20
-0.73
-0.20
-0.59
-0.17
3.20
-0.71
2.10
3.20
-0.71
-0.29
-0.61
0.05
3.20
-0.61
-0.03
-0.32
-0.51
3.20
-0.69
0.41
3.20
-0.71
-0.22
-0.64
-0.07
0.54
-0.71
2.93
3.20
-0.69
1.10
3.20
-0.76
0.71
3.20
-0.61
-0.15
-0.64
-0.07
0.63
-0.71
2.96
3.20
-0.73
0.68
3.20
-0.64
0.51
3.20
-0.73
-0.03
-0.64
0.02
3.20
-0.51
-0.47
3.20
-0.69
0.02
3.20
-0.71
0.12
3.20
-0.71
-0.12
-0.66
-0.07
3.20
-0.64
1.37
3.20
-0.76
-0.29
-0.64
0.07
3.20
-0.59
-0.15
-0.25
-0.54
3.20
-0.73
0.34
3.20
-0.69
-0.10
-0.59
-0.22
-0.22
-0.59
3.20
-0.73
0.17
3.20
-0.71
-0.05
-0.59
-0.22
3.20
-0.69
1.98
3.20
-0.71
-0.25
-0.66
-0.00
-0.56
-0.25
3.20
-0.71
1.29
3.20
-0.76
0.46
3.20
-0.73
-0.07
-0.56
-0.10
-0.20
-0.54
3.20
-0.76
0.12
3.20
-0.78
-0.07
-0.59
-0.12
3.20
-0.78
1.73
3.20
-0.66
-0.12
-0.56
-0.07
-0.56
-0.03
3.20
-0.73
1.17
3.20
-0.73
0.68
3.20
-0.73
-0.10
-0.61
0.02
3.20
-0.49
-0.34
3.20
-0.73
0.76
3.20
-0.69
0.63
3.20
-0.71
0.02
3.20
-0.69
-0.15
-0.47
-0.49
3.20
-0.69
0.07
3.20
-0.71
-0.03
-0.61
-0.03
-0.25
-0.49
3.20
-0.81
-0.10
-0.64
-0.12
-0.59
-0.34
3.20
-0.76
0.10
3.20
-0.76
0.19
3.20
-0.69
-0.07
-0.59
-0.15
3.20
-0.69
1.93
3.20
-0.76
-0.37
-0.61
-0.07
-0.59
-0.49
3.20
-0.78
1.37
3.20
-0.71
0.51
3.20
-0.64
-0.20
-0.59
-0.07
-0.20
-0.44
3.20
-0.66
-0.05
-0.66
-0.00
-0.25
-0.56
3.20
-0.69
0.56
3.20
-0.69
-0.17
-0.69
-0.05
-0.07
-0.47
3.20
-0.64
0.10
3.20
-0.66
-0.03
-0.59
-0.15
3.20
-0.73
1.54
3.20
-0.71
-0.39
-0.64
-0.20
-0.54
-0.27
3.20
-0.91
0.78
3.20
-0.69
0.54
3.20
-0.71
0.02
3.20
-0.69
-0.15
-0.51
-0.00
3.20
-0.73
-0.20
-0.71
-0.15
-0.49
-0.22
3.20
-0.73
1.29
3.20
-0.71
0.27
3.20
-0.71
-0.10
-0.61
-0.12
-0.07
-0.59
3.20
-0.69
0.02
3.20
-0.73
-0.07
-0.54
-0.32
3.20
-0.76
1.95
3.20
-0.69
-0.51
-0.64
-0.25
-0.51
-0.27
3.20
-0.73
0.61
3.20
-0.73
0.61
3.20
-0.61
-0.10
-0.61
-0.03
1.59
-0.76
2.66
3.20
-0.71
-0.27
-0.66
-0.05
-0.59
-0.34
3.20
-0.73
1.10
3.20
-0.81
0.46
3.20
-0.69
-0.07
-0.64
0.10
3.20
-0.54
-0.34
3.20
-0.78
0.90
3.20
-0.69
0.63
3.20
-0.69
-0.10
-0.66
-0.20
-0.59
-0.54
3.20
-0.81
0.07
3.20
-0.61
-0.12
-0.56
-0.25
3.20
-0.81
1.61
3.20
-0.66
-0.03
-0.66
-0.20
-0.56
-0.51
3.20
-0.73
0.22
3.20
-0.69
0.22
3.20
-0.71
-0.07
-0.59
-0.05
3.20
-0.73
2.15
3.20
-0.76
0.10
3.20
-0.66
0.05
3.20
-0.71
-0.00
-0.66
-0.20
3.20
-0.76
1.64
3.20
-0.78
-0.32
-0.64
-0.25
-0.51
-0.32
3.20
-0.76
1.07
3.20
-0.71
0.63
3.20
-0.69
-0.10
-0.64
-0.20
0.49
-0.71
2.59
3.20
-0.73
0.34
3.20
-0.73
0.51
3.20
-0.71
-0.10
-0.61
-0.03
1.34
-0.71
2.20
3.20
-0.78
0.02
3.20
-0.66
0.02
3.20
-0.69
0.02
3.20
-0.64
-0.10
-0.44
-0.39
3.20
-0.78
-0.17
-0.56
-0.17
-0.51
-0.34
3.20
-0.73
1.64
3.20
-0.73
0.37
3.20
-0.69
-0.10
-0.59
-0.12
-0.12
-0.49
3.20
-0.78
0.24
3.20
-0.66
-0.10
-0.61
-0.15
3.20
-0.71
2.17
3.20
-0.73
-0.15
-0.66
-0.12
-0.59
-0.07
3.20
-0.71
1.73
3.20
-0.78
-0.05
-0.64
-0.25
-0.49
-0.32
3.20
-0.69
0.54
3.20
-0.73
0.61
3.20
-0.66
0.07
3.20
-0.64
-0.05
-0.61
-0.12
3.20
-0.76
0.22
3.20
-0.71
0.32
3.20
-0.69
-0.22
-0.64
-0.07
2.66
-0.76
2.22
3.20
-0.71
-0.22
-0.64
0.05
3.20
-0.66
-0.17
-0.32
-0.47
3.20
-0.73
-0.07
-0.71
-0.10
-0.49
-0.47
3.20
-0.71
0.76
3.20
-0.66
0.54
3.20
-0.76
-0.15
-0.61
-0.07
0.27
-0.76
2.83
3.20
-0.73
0.24
3.20
-0.71
0.19
3.20
-0.73
-0.00
-0.59
-0.17
2.47
-0.71
2.17
3.20
-0.73
-0.05
-0.59
-0.34
-0.61
-0.07
3.20
-0.71
1.78
3.20
-0.69
-0.25
-0.66
-0.20
-0.51
-0.44
3.20
-0.71
0.54
3.20
-0.71
0.49
3.20
-0.71
-0.10
-0.59
-0.20
1.49
-0.76
2.56
3.20
-0.78
0.15
3.20
-0.71
0.22
3.20
-0.73
-0.05
-0.59
-0.29
3.20
-0.69
1.88
3.20
-0.78
-0.47
-0.61
-0.07
-0.51
-0.17
3.20
-0.86
1.44
3.20
-0.76
0.10
3.20
-0.69
-0.17
-0.66
-0.17
-0.12
-0.47
3.20
-0.73
0.10
3.20
-0.69
-0.03
-0.56
-0.17
3.20
-0.76
1.10
3.20
-0.71
-0.44
-0.69
-0.10
-0.54
-0.20
3.20
-0.69
0.24
3.20
-0.78
-0.05
-0.64
-0.12
-0.49
-0.34
3.20
-0.73
-0.29
-0.66
-0.10